--11-

interpretatione 43, 14 iussu 7, 7
interpretatur 10,7 Ι iustitia 36,8
interrogare 10, 10 iuuenem 13, 5. iuuenes (11.1 24, 2.
intersum] interest 21, 11. inter· 4518. iuuenum13,18. 20, 6.
1011 18, 5 32, 6101111143, 17. iuuenior 24,9
interuenire 40, 7 iuuenta (11,) 20, 7. iuuentae (p.) 13,
11111188, 8 6, 38, 8
intumescat 9, 9 iuuentute 6, 13
111011140, 8 1010] 1001110142, 10
inuenerit 13, 9, inuento (abl. a.)2,21 iuxta 17, 2, 21, 6, 30,16, 33,1, 42,’2
inuicem 18, 9. 21,12, 22, 9. 37, 11
inuidere (parf.) 33, 5 labantes (occ. f.) 8, 2
inuiolata (111.) 18, 17 labor] 1161110146, 28
inuitati (111) 21, 10 111101114, 7. labore 26, 6, laborum
ioci (p.) 22, 14 18, 13
111114,1.10,6,13, 12, 37,16 ipsa 1111010]111101111146, 13
(11.1.)18, 3 42, 3, 11111111(11,”111 110(11 .)23,3
6, 20, 3, 6, 40, 17. 1111161 111) lacertos 17, 13
12, 9. 1111011111 )28, 3 34, 6, lacrimae 27, 6
1111111128, 17 21,11110(011,13,6,111111(111,)40,18.11014017,111111
38,10 11110, 13, 22, 43, 22, ipso (acc)34,5.*lacis(cbl.)18, 14
(11,’)13,4,16,16,29,13.46,16; 1301130191313
11111111) 15, 5. 24,’11. 45, 14 1111101140 12
ipsae 44,1. ipsorum (111)6 4. lumenta(occ) 27, 6
42, 7. ipsis (01, 111.) 1,46 18. ipsos 11110111(1111)6 3
2,1. 1111110161. 111,12, 21. (11 11,)18, 12 Langobardos 40, 1
11126, 7 11111000(1161)6’27
11111 (11116, 8 largi (111) 14, 14
irritationibus (abl.)919, lasciuiae (p ) 24, 6
1140, 11.11(111)11’,10.14,1ο, 111010101144,11
98, 11. 42, 5. 43 3,15. id (11111.) 1111001101 (0611,36 0, 48, 7
6, ’10 13, 10 24,2. 27,1.,30 16.11111]1111(11.11137,3,1’11ο11,3,
81, 9, 36, 10. 36, 2 40, 7 46, 10,11111120,13,1111111111143,10’
ailiam 111.)’12,,0 13,12,1’4,6,31,0,11101]111110’36,,1 111111110136,’.,4444
(1)1010. eiusmodi 18,14. e1(d laudatores7, 18
111.)2,11.11111407. 10(111 111,187 19. laudo] 1101111111,13, laudaueris18,2
(11.) 16, 16. 44, ’2, 00(11,)40,0,1100]1111110122,,2 11011011.)22,3
11167101111(11111216.1,1 110182 4
2.1ο’11111(111,)4 1. 6,13 earum legationibus 13, 221, 30, 4
8,8.1013,1,10,3,16,12.17,11,1111111101)
20, 16, 37, 21. eas 14, 9 001111 legionum 37, ’23 legiones 37, 19
(1111111110 legunt 41 11. 45, 15. 1111 tur 45
111111 9, 4 19. 11011111111(1161,111)6 10
latitantium 2, 13 Lemouii 43, 29
ita 2, 19. 6, 5. 14. 11, 2, 16, 10. 131001111101ζ3, 21
33, 11 30, 2 38, 8. 48, 24 lentescit 45, 9
1111112, 6, 37, 20 1101101101 111)6 9. leuioribus
1011111111’ 11, 16, 10111 (pl ) 11, 9 (0111111112, 7. 1001111111129, 17
iucundius ’36, 2 lex] 11111101.) 10, 18
101110100161113, 12 libentius (01111) 23, 10
1011011101 11,)43, 9, iugum (acc.) 43, libera (71 8 117 ’3
8, 1011001111.) 1, 9 11611111111114, 12
, lulius 28, 2. 37, 20 116111209.11,16.26,6,1161101011
1013111111(0111,1)22,0,10101100) 19, 16, 11111111 (11,) 18, 17
18, 18 1011011116, 2 libertas 37, 14. libertatis 25, 12.
101 (11) 11, 12, (occ) 21,11. inre 11111111111121,6.43,27, libertate
4411111011.) 12, 15. aa, 7 11, 0. 24, 1, 11, 11. 45, 11

 

