..33-

10. domibus 46, 20. (1313ο3 41, 393336, 7. 3331131332, 5
7. 46, 9 equestris( 9.) ((.) 32, 3. equestrem
donee 1, 9. 20, 6. 31,· 3. 16. 36, 4. ((,)6, 17 equestrium ((.)30, 14
33, 22. 40, 16. 46, 18 equus 18, 16. 27, 4. equom 14, 13.
113313(361.)16, 11 ¹ equum 18, 8. 393346, 11. equi
dotem 13,5 3, 11. 15,12. 32, 3. 46,13. equo·
Drusus 37, 20. Druso (d.) 34, 10 rum 10, 1.1 12, 7 36, 13
3161333, ’3. 43, 3 erga 33, 4. 43, 3’1
dubius] dubiae (.) 29,18. dubia ergo 19, 1. 22, 14. 46, 7
(333.)30, 9. 6116616311. 31.,)6 24. erigit 27, 4 erigitur 46, 7
(1116132817 errare 22, 16·
ducenti 33,3 errore 3, 10
ducere 11, 8 , 1111631340, 7
dulcedine 33,4 333633333128, 20
Dulgubnii 34,1 erumpatl, 10
dum 13, 3. 33, 33 (66) 3111. 3. 3 3 4 3.10.13.13.
dummodo 6, 22 .1.0 14. 4, 3(613).
3113313333, 10 ..13 12.13’.13.13.
durescente (f.) 43, 22 - , 19. 20. 21. 7, 2.
(1313]113133121,2.30,3.(13131338 . ,16 8, 2( (613).3.
durus] durae (31,) 31,16. duriora ...6 10, 213. 18.
(3. 31, 91.) 30,3 , ,22 12131613).
dux] ducis 7, 7. duae 30, 11. duces . . 3. 413. 21

(nom.) 7, 2. (333.) 7, 1 ” {61⁸} 14..8

3333 g) 23, 11. (q) 3, 12. 43,2. 3 3. 1’2.13.w ,3 13,

(3333 33.,.·1333(3).33 ,3’.3
ebrietati 23,6 20, 12. 13. 14. 21, 6. 2
editum (m.) 2,10. edito (3613.) 4. 8(613).9(613)1.4 16.
educationis 20,4 26, 4. 6. 7(613). 11 (61312236 .
edurat 434 3. ’3. 3. 333). 23, 4. 3. 3. 23,
efficacius 3, 4 3. 3. 34. 10. 21. 23, 3. 3. 3. 3.
efficitur 33, 12 3.13.13.13. 30, 4.3.13.14. 31,1.
effigies (1103.) 3,3 2. 3. 7. 11. 32, 7(613). 9. 33, 2.
effodiunt 43,7 34, 1. 6. 7. 36, 6. 13. 36, 3. 7.
effusus 1, 9. effusis (abl.) 30,2. 37, 4. 6. 9. 16. 16(613). 17. 20.

effusius 21,6 23. 38, 8. 11. 12. 39, 3. 6. 3..8 40,4
393 46, 24 (quaer) (613). 14.17(51'3). 41, 1
eiectamenta (303.) 45, 17 6. 9. 42,.2 7. 8(613). 43, 2. 4. 6.
eiusmodi 16, 14 8. 29. 30. 44, 6. 7. 10. 45, 3. 6.
31193316,16.17,8. 3119331331219. 14. 28. 46, 1. 9(1331. 23.

eleeto (361. m.) 10, 20. 313311 3113313, 13. 6, 24. 8, 7. 10, 1016,
· 15,12. electorum 13, 1631313103 9. 12. 15, 9. 2’0, 13. 21, 3. 28, 234,

30, 3 3. 33, 13. 24. 42, 3.43,11. 13’2132’
emergentis (9. m.) 43,3 Etionas 46, 23
emineat 13, 20 31316, 1
31313336, 6 eualuerat 28, 4. eualuisse2, 19
enim3, 5. 5,10. 10,16. 13, 21. 14, Eudoses 40, 6

12. 13, 8. 9. 21, 3. 23, 1'1. 26, 6. euentus (330) 10, 19

28, 3. 29, 10. 37,14. 38, 2. 12. 333133313339, 9

43, 3. 43, 13 ex (3313 uocales) 3,13. 3, 13. 14,
enimuero 44, 12 4. 19, 16. 36, 8. 42, 8. (3313 (1)
enumeratos 43, 19 12, 2. (1) 16, 6, (9) 6, 2. 42, 7.
eo] ire 30, 13. 11331 (91.) 3, 2 (11) 23, 1. (1) 11, 9. (m) 9, 9. 34,

· 00 3, 13. 3ο, 3. 33, 3. 33, 3. 41, 4. 4. 43, 3. (n) 3, 1. (ρ) 33, 31. (q)

44, 2. 7 37, 8. 43, 10. (r) 23, 2. (3) 6, 19.
epulae 14, 14. epulis (361.) 21, 8 (ι) 7, 1

 

