..51-

reconciliandis (obl. m.) 22, 8 . rixae( (pl. 4 22, 7
rectum 4000. 0.,46 14 robur 30, 1110001116, 16. robora
101110001211,10(1(101,1817.40,16 (000420, 8
10111130, 2 redeunt 46, 18 robustior 24, 10, robustioribus 13,6
refellere 6, 17 1031 49 4 27, >
referunt 6, 24. 20, 0. 43, 3. referre Romana 40. s.) 23, 16. Romani 49,
34, 9. retulisse 31, 6. referuntur 01.) 29,10, 49. 0,) 20, 4. ltomauo
46, 3101010000 18, 18 (d. m 4 37, 18. Romanae 414, 4,4
103101] regia (rs. 4,4 44, 13 30,11, 14001000 42, 6. 43, 16.
regnator 39, 10 Ηο1110011414.10441, 3, (14. u.) 63,
10300] regnentur 20, 11. 43, 23 0.,4044 4“,4 43,4 6
1030001]103004044437,13,10300-1010000401.)3,30
rum 28, 0 ruber 13, 10
1030] 1031120, 3 rude 40. s. 0440, 10
relatu (ubl.) 3, 3 Rugii 43, 23
religionis 43, 13. 10]131000019,7, 11110030, 7 ·
1011100039, 2 1111101023. 18, 18. 37,.24
1011301101130038, 10 1011100411 0.,944 4,4 6
relinquam 46, 26. reliquisse6, 24
10110002, 6 10001]100100139,3. 10010 4004. m.)
remedium (a.) 16, 7 10,13
remigium (sc .) 44, 0 · 10001001100, 14. 40, 16. 43,14,
remos 44, 4 sacerdoti 40,10, sacerdotibus (04.4
repercussu 3, 8 7,6,10001001014000,4 10, 16. 11,12
repertam 3, 14 sacramentum (0.4 14, 6
reponere 36, 11 sacrificat 0, 4
1014111430, 12. 44,0 101 (9 4 13, 1001001] 100100 6. 100111 (d.) 6, 20,
2. 7 100146 21.1010,,8 24,10.100104000418,11
10101036, 81041111404116, 40, 1000010040419, 10
8. res(ucc.),28 1. rebus(ubl.)11,1 saepe 22, 0, 38, 10. saepius 17, 11.
reseruantur 23, 8 22, 2, 7. 37,13 38, 8. 16. 42, 0
1011000140, 20 “ 1003001131
respicit 12, 6. 36,6 sagittis 411044 40, 14
responsa (0004 8,8 103010 (041446, 6
restitutas 8, 2 103010 17, 1
retrectatur 22, 10 saltu 24, 3
retro 38, 10. 43, 1 saltuem 0.,430 4. saltu 30, 1. saltus
Reudigni 40, 4 (000 4 43, 8
reuelant 31,6 10111040 1, f.) 422, 10
reuerentia 39, 6. reuerentiam 26, Samnis 37, 12
1110001001100, 12 10003040444019, 100041101400004
reuerentius34, 12 8, 7. sanctiorem (m.) 20, 11.
rex 10,14. 11,13. 1031 12,8. 10301 sanetius 34, 11. sanctissimi 44144
42, 6. regibus7, 2. 42, 8. reges 7,13
401047,1,43,31.10311101(044410 sane 30, 10
1311000116, 11110013,11.28,17,10030101120,11.28,10,39,4.
21. 26, 2. 1311000012, 18 28, 6. 1003010010310.1003111001419
20, 10. 13. 32, 1. 41, 2. thno sapientiam 36, 6
(ubl.,)1 1. 34,6 Sarmatae 17, b. 43, 0 Sarmatarum
1111011310 46, 6. Sarmatis 414 4 46, 2. 10.
rigent 20, 8 404441, 2
11301001 16, 14 · satiatam 40, 16
1190049.) 428, 13,( 6) 17 6. 23, 2. satis 16, 1
ripam 28, 17. 21. rip63, 11, 29, satisfac 100010 21, 4
2. 12. 37, 3. 41, 4 satum] satis6, 3
11101401440, 849439, 6. (occ.) Scauro 011101104004437, 16

27, 10 ἦ 1001010 (aco.) 12, 6
4*

 

