„53-

6.)27, 1. 6616()11)38,10. 66111 6666616661.) ),16 13. 46, 17
9,12 6611 (61 )18 2 46, 14. so· suggerendo (61.) 26, 6
166 6, 7, 46, 14. solis (6161.) 41, sui 4, 3. 31, 15. 33, 0. 6111166128.
4. 6616111 (adu.) 16, 16. 13, 18 66 (666. 6.) 18, 11, 13. 17. 24,16.
somno (d.) 16, 2. somno (661.) 22,1 31, 6. 34, 10. (661. 6.) 36, 7, 66

sonuit 3, 6 (666. 61.) 16, 16. 10, 2. 24, 2. 12. .

mmmwmummrmmmwmmmw
sordes (a. 61.) 40, 4 2, 21

sordidi (61.) 20, 1 Suionum 44, 1. Suionibus (61.) 46,
6616161620,10 30 Suionas 45, 1
6611166110,1.661166(666.)10, 1 6616]6612,16.3,17.6161222.
swmw,8wwrus ermrmmmmnn
6611116111(666) 36 6. 38, 6. spatio 13,14.17.13,16,14,6.16,.8 16,

(abl.) ),10 6. 37, 11. spatium 11.)20, 221, 2,22,,16 24,2.6. 16. 266 '

5. 37, 3. (616611, 4 27,1. 28, 2. 12. 29, 9. 6617.
6666166139. 166 6666166, 1. 32, 4. 33, 7. 34, 4. 6. 36, 16. 37,
6636136(666.126, 6 13. 68, 1. 39, 6. 8. 40, 7. 9. 42, 0..
spectaculo) (d.) 33, 1. spectaculorum 44, 7. 13. 6661 3, 3. 6, 7. 6,13. 8,
eamr 6666666666
1666666 66666ω66666
specus (666.) 16, 12 7. 26. 46, 3, 46, 16. 22,·6112, 8.
6666] spe 19, 12. 46, 20. spes (a. 6,16. 40,13. 6161210. 6666
wm,n mmmfflmssuem
6611111171 6161612813. esset26, 2. 46, 22.
6616666616 (( )16, 11 1611 6, 21. 363. 166161 21, 6.
6616661616611116 41, 6 1616666136, 9. 161666 3,1. 28, 1
spolia (666.) 31, 6 summittere 31, 3
ΕῈἙὟ6666 iffiffifffflwammme
stato (661. n. ) 39, 2 super 10, 3. 26, 116116). 28, 21. 36,
mmm(wz)m,bu mmemnmemm
6111616 17, 6. 6111611 (61.) 30, 6 superbiae (6.) 33,4
struem 21,2 superioris(m 16.)17, 12. superiores
616111(61 36,6 (6 6,)36 11. 36,4
suadendi 11, 16 superstitem 14, 4. superstites, 26
Suardunes 40,6 superstitio 36, 9. superstitionis 43,
(ωψωΛ u.m,o
sub (6. obl.) 8, 6. 44, 9 supersum] 666616616, 2. 26, 5. su-
subiecta (6. a.) 39, 10 6616666 34, 7
subitum (11. 6 )11 4. subi60s44, 10 supplicii 12, 6
substringere 38, 6 supra 25, 6. 43, 27
666161166666616, 12 6616616610, 3
subuenit 15, 10 suscipere 21, 1
successionum 32, 7 6666666661 12, 3
successores (6.) 20, 14 suspiciens (m.) 10, 6
66616146, 27. sucinum (666.)46,14 6661166616 (obl. m.) 43, 23
666661 46, 20 6666 6, 6. 666 (a. f.) 20, 2. 22, 4. ¹
sudantur 45, 24 6111 (m.) 14, 12. 28, 20. suae (6.)
sudore 14, 18 ⁸ 20,13. suo (61. 61.) 14, 4. suum
Suebi 38, 4. 6. Sueborum 9,4. 6. 38, (m.)l3, 14. suam 16, 6. 25, 2.
amwumnmamm mammemmmnm

2,16 38, 6. 43, 3. Suebis (obl.) (α61,6.)3,17. 661 (61.) 26, 14. -.

38,1 666(’6.11.)27, 3. 66616111(16)6,
Suebiae( (6,) ),46 32. Suebiam 43, 6 2410, 20. 66616168, 4. 6616
Suebici 1116116 16, 7 (11 16,)31, 11. 6666 6, 20. 26, 2.
66116161 32, 2. 661161614312. suf· 36, 4. suas 46, 26. 6666166. u.)

secturam (m.) 13, 3 14, 5. suis (661. f.) 37, 21

 

