.. 52 -
scindit 43,9 , · 18. 661666 24, 11. 26, 3. seruis
6611634, 12 (611.) 26, 1. 38, 6
, scrutantur 45, 14. scrutatus 6616,10 sescentesimum (111.) 37, 6
scutum (occ.) 6, 24. 18, 8. scuto 66621,1(11’6).33,3.4(111“2).34,8.
(1111.)6,7. 13, 6. 66616(11.)43, 38, 7. 8. 39,1
21,·30. (ccc.) 0, 9, 46, 0. 666116 6666111616 26, 7
(111113, 8 seuerus] seuera (11. 11.) 18, 1
secretum (acc. 11.)9,12. secreti (61.) sex 1, 10
36, 8. 6661616 (1111111.) 40, 17. .LX. = sexaginta 330
secreta (1166.) 19, 4. 22, 13. 66616- 617, 3 (ter). 10, 4. 8. 11,16. 13,
116 (ubl. 11.) 46, 23. 6661611616 19. 14, 8. 16,14. 17, 1. 20,15. ,
(aec.) 41, 1 21, 12. 23, 5. 23, 2. 30, 3. 33, 3.
sectantur 13, 13 35, 12. 61, 3. 30, 1. 46, 11. 46, 21 ,
secundum (praep.) 10, 7. 26,4 616 2, 4. 11, 8 (116). 16, 6. 18, 16
secundus} secundis 11111. (ζ) 36, 9 (116). 19, 12. 32, 5. 38, 6 (bis). 41‚3
securum 11166. m.) 45, 11. securi (61.) 61661 6, 2. 17, 4. 46, 23
46, 21 (616) sidera (occ.) 46,4 ,
166 2, 3. 5, 4. 21. 3, 4. 13. 1, 1. signamus
11. 3, 10. 11,1. 16. 12,1. 16, 2. signum (21.) 3, 6. signa (666.) 1, 6
18. 15, 12. 17,5. 13. 18, 4. 5. 8. 6116611616 (11,) 11, 12
16, 15. 21, 14. 22, 6. 25, 1. 26, 1111111126, 0. 33, 3. siluarum 46,1.
3. 23, 2. 32, 3. 33, 5. 34,10. siluis (abl.) 5, 2. 40, 5
35, 6. 37, 2. 38, 11. 40, 2. 41, 4. similis (11. f.) 20, 8. similem (f.) 4,
42,6 46, 14. 44, 3. 45, 14. 32.45,13 3. similes (20. m.) 20, 12. 45, 30
sedes 42, 3. sedis (6.) 39,1. 6611661 similitudinem 23, 2. similitudine
26, 2. sede 23, 11. 46, 3. sedes 28,16
(11. 61.) 22, 4. (666.) 2, 3. 16, 2. simplex( . f.) 10, 2. simplices( .
28, 5. 23, 3. sedibus (611.)37,21 11.) 23, 3. (acc. s.) 22, 11. sim-
seditione 23, 3 6116166 6, 18
seges 26,8 611661 11, 9. 12, 12. 30, 5. 31,11.
semel 13, 12 34, 10. 37, 18
Semnonum 33, 11. Semnones (acc.) simulacra (11.) 43, 16
39,1. sin 10, 5. 0. 11, 16 .
semper 13, 16. 31, 12. 44, 3 sinceram 4, 3 ,
66666166 20, 17. 31, 16 6111623, 4 (bis). 36, 8(111“6). 41, 6
86111116(111))311611θῙΙΗῙῘΙ 46, 18. seni. 81111111116116112811111 4211116111.
· 1 · · 1 · 1 ·
sententia (11.) 11, 16 166 10, 6. 17, 6. singulis (66111.)
separet 20, 5. separent 26, 7. se· 0,19. 16, 12. 40, 6. (f.)13,2
paratur 1, 3. separantur 38, 7. 6166616136, 6
separentur 23, 15. separatae (61.) 61666 (11.) 29, 19. 6111611137, 1, 61666
22 4 acc. 1 3 ’
*66616661 38, 10, sepositi (61.) 29, 7 611116 4, 1123, 4
septentrionem 35, 2 Sitonum 45, 30
septentrionali (d. 02.) 1, 7 situm (11. 11.) 3, 11
septimum (11. 11.) 1, 10 siue 16, 7(11“6). 34, 8
sepulchrum (acc.) 27, 4 sobrii (61.) 24, 6
6666661616, 20. 138, 10. sequar 41,3 societatis 29, 6
seria (ace.) 24, 6 666166] sociam 18, 14. socii(pl.)36,8
sermone 23, 11. 43, 2. 46, 3 661] 66116 46, 3. 26 1
, 66116166 6, 18 66166] solent 16, 12. 25, 6. solitum
Seruilio Caepione 37, 17 (occ. 11.) 32, 3. solita 45, 13
seruitutem 24, 9. 661611616 46, 32 sollertiae (6.) 30, 7
66166] 66166161 26, 2 661661] 6611 26, 61 6616 (11.) 4, 9.
66166] sera (11. f.) 20, 6 6616111(616.)29,18. 6616(611.)29,13
seruus 25, 4. seruum 20, 4. 26, 6. 66166] 66161616 (11. 11,) 44, 4
seruo (66114116. 6666611640, solus] sola (11. s.) 26, 8. 661616 (11.’

 

