-55-

87,12. 38, 2. 18. 42, 4. 46, 16. 11101111 111, 7110011 18, 11. 111,6
17. 28 1111111119, 18. 111119. 1111111111 1111, 111.
1611101111111(1)40,19. 16 1111101116 18.1111111111111,11,11110111·
1111110]110010.11140,11 11,11.11,111.11111·1111111,1 7.111,
11013, 18. 6, 8. 6(61’11).· 111, 14. 81. 7.11111111111111.)’11,1.1. 1111111111,12
11,18. 12, 8. 8. 111, 4(61’11). 5. 15, uigor 1,)11 11
80111). 817, 17. 44, 8 111110(11·0.)6,.·1·1
1010011011 8, 8 11111110 6, 1’-1
10101111116100.) 17, 8 111111 -11, 7
11010]11011111111117, 11 uincire 7, 5
uelocitas 30,16. 0010011010 6,11.17 uinco} uincitur 117, 11). 11111011111111·
uelum] 1101111 44, 8 13, ’16, 1111101 11, ’1. 1111001111 811,
11011117, 7. 28,7. 81, 9. 48,6. 43, ’111 11. 1110111184,1),111011111111117,.11’1’
1101111116, 8 11110111111111) 13,191,111.1 111-
1100111 (11. 11.) 4)6, 15. uenatibus 0110 (abl) 119,11. 1111111111811,6
(161.) 16, 2 uindicatur 18,1 1
1181100]1101111“024, 10 11111111101188, 7
ueneratione 40, 12 11111111]’ 11111 8118. 1111111111 11111.) ’111,’1
10110101]11011011111111143,17. 46, 11, 1111111011.) 111, 111. uiri (pl.) 15,
uenerati 1111118,11 1. uirorum 6, 8. ’.17,8. :15, 13.
Venethi 46, 6. venethorum 16, 1 uiris (11.) 17, 111. ’.17, 7. 1110111,
uenia (11.) 110 1. 10, 15
11011110 18,13. 1101101031,14. 11111- uirgam 10, 8
tum14,1 uirgines (11.) 10, 11. 81), 7
Ventidium 87, 16 uiritim 15, 6
1011100101((.) 6, 3 uirtus 20, 11. uirtutis 3, 6. 116, 111.
11111111 (11.) 80, 6 uirtuti 31, 4. 111. 1111110111 11,·1.
111111.) 86, 11 30, 11. uirtute 1, 1. 11111. 11, 2.
uerbere 19, 8 29, 1. 42, 4. uirtutum 18, 12
uerbero] uerberare 7, 6. 26, 6 111142, 8. 41116. 11 11, 18. 16, 86.
1010111111.) 14,3 uires (11.) 13,15. 18, 3. uirium
uersare 48, 20 89, 16. 84, 4. 116, 10. 1111014619
uersus (praep.) 1, 7 uitam 14, 3. 19, 14
uertice 1, 6. 68, 10. uertices (1100.) 1111111111(1.)11,9. uitia (1100) 11.),11.
43, 8 uitiis (11111.) 83, 6
10111131, 3 uersae (pl.) 37, 88 111011116111(11.111.)46,11. 1110111111
1101111]10’111(11..111)),466. (11.)11. ,16 18, 16
Vespapiano (abl.) ),8 '9 1116, 10
111111ςί1111 (11) 451’7. uestigia (n) 7111113, 13. 1111110113, 11
87, 3 111111(11.))10,14.1111(1111)19,
1101111(9.)86,3. uestem 19, 4. 1011016. ullam 9, 8. 18, 1. ulla (1. 11..)
11, 1. 40, 10, uestes (111111, 11. 20, 11
1101116111(067,)87,3 ulteriores (11. 11.) 17, 7. ulteriora
00111111(11)17,18. 1101111111 46, 13 (1100.)28,7
11010111(9.11)37,8. ueterem ((ἱ) 6, ultra 2, 4. 19, 14. 29, 19(61’1). 30,
18. 28, 8. ueteres (acc. 11.) 89, 19 1. 46, 9
1011111111(11.11)86,8 ultro 14, 9. 16, 8. 8314
10100101118,14 ululatus (11.1.) 7, 12
10101111111110139, 1 1111111846, 88
1111110016, 0 umidior (f.)5‚ 2
110086,3,1110186,1 umore 45, 88

11101111(9.)11.)46,26.111011111111333 unde4, 4 7, 18 (bis). 9, 6. 86, 8
11010108, 80. 1101 toribus (d.) 36, 6 uniuersa (11.1) 21, 4. 1111011111

uictoria 10, 21. 1110101100 (ρ.) 84, (1100.11)61 6,16. 1111101111(161.
1211010110118916. 1110111147 111)86, 3

uictricem 14, 13 unus 44, 7. una (11.1.) 66, 1. unum

11101111 (11. 11.) 81, 16 11101111 46, 13 (11.1.)8,9.84,1.11111(11.11.)6,

 

