*45-

miuue (11.) 37, 22 11111111]111111115,13. munere (111.)
11111111(111.)80, 6 18, 6(11“1). 3. muneribus (att.)
minister] ministros 10, 17 13, 21. 21, 14

ministeriis (111.)25, 2 1111111111(11.)8, 7
ministrsut40, 18. ministrantur 44,4 mutabile (11.) 44, 5
minor (m.) 83, 7. minores (11. 11.) mutent 26, 5. 1111111128. mutetis

36, 8. minoribus (1. m.) 34, 3. (1111.111.)28, 9

(111).)11, 1. 11111111(1111.)22, 5. mutuo (abl. m.) 1, 2 ,

23, 6. 42, 10. quo minus 28, 8.

minime 2, 1. 4, 8. *86, 4. Nuhuuumulos 43, 12. 18
ώωω111111111111111111

mmmmm 111111111
mirus 111111(11.(.)46,12. 11111115,6 1111111142, 2. 4
1111111111,8. 111111111120, 8. mixti 11111111 33,2 .

(pl.) 8, 16. mixtos 2, 2. 46, 5 1111111131, 6. nutu 32, 8
missilia (111.) 6, 8 1111111112, 18. notione 28, 10. nu·
, mitiore (m.) 31, 13 111111(’11.)27,11.34,4.1111111111

mittuntur 15, 12 4, 2. 3331111111 14, 8. 46, 1.

1111111111(11.)36, 4 nationibus 38, 8. 40, 2

modico (111. m.) 1, 7 1111111145,6. 16. 1111111((.)15,6.

111111Μη1111111

modus] eiusmodi 16, 14. modum 3,6. neuigstos 34, 6

25, 3. 45, 27. admodum18, 3. modo nauium 44, 2. 1111111111(1111.) 2, 5
10,20. 12, 7. 34,4. quomodo 41,2 -ne 6, 8

Moenum 28, 6 no (11111.) 18, 11. 19, 14 (ter)

molem 87,4 111...111(111116,6.6,1.7,5. 16,

mmmmm& 1111111111

molliunt le, 14 44, 12. 46, 22

momentum 25, 6 neo (sote uocales) 6, 26. 7, 14. 8,

mmmmmn , 111111111

11111ΜΜΜ11 1Ηω111111

8. 46, 7. 1111111111(1111.) 1, 3 6. 27, 3. 87, 18. 44, 8. 46, 16.
monstrator 21, 3 (111111) 3, 8. 18, 10. 22, 13. (d)
1111111111]11111111118,3.111111111111 7, 7. 11, 7. 21, 15. 34, 8. (1) 7,
ωμωι 111111111
monumentorum 27, o. monuments 30,10. 31, 4. 42, 4. (p) 28, 6. (q)
mwtss 1111111111
11111111(1111.11.)10, 13. mortalium 10. 44, 4. (s) 13, 18. (1) 2, 2. 3,
munao 11111111111
’ 1111115,8.111111113,3. 21, 12. morem 20, 7. 27, 3. 44, 3
6,13. 16, 6. 25,1. mores 10, 17. 1111111121, 2
morum 18, 1. 1111111111(1111.)27, 111111111111111(1.) 15, 10
10. 28, 12. 46, 6 neco] 1111111 18, 17
11111111111111Λ
11111111111111
45, 22. 28 neglegunt 8, 8
muliebri (1111111.) 43,14. muliebris nego negauerint 6, 8
(111. (.) 18, 7 nego 11 (111.) 22, 4

mulier 18, 11 Nemetes 28, 18

multu] 11111111 (y.) 12, 8 11111116,15. 13, 9. 21, 11. 84, 11. 38, 6

multentur 12, 8 nemus (1.) 16, 3. 40, 0. 1111111111.)

1111111111. 11, o. 29, 2. 30, o. 1114111.11111611(161.)1ο,11

46, 6. multo (1111. m.) 16, 12. multi nepotes (111.) 18, 18

40,12. multi (pl.) 8, 26. multo 111111(11111111.)7,5. 0,8.88,12.

(11. 11,) 87, 11 44,12. (onte o) 3, 16. (n) 44,12.
111111111111ω) 14, 15 (p) 13,1. 2. (r) 3, 17. (1) 7, 6
muniuntur 40, 6 Nero 37, 20

 

