-41-

113133133131133111286.113133111133 1311111, 21, 8,.1 14,.77 15, 13. 31, 777.
6331304 Η311111111133316380,1 87, 1. 33, 3, *87, 74. 47, 8. 43,
1313333311(20, 13 2644, 8 43, 3, 7. 46, 22
113111133333131112, 13 iampridem 13, 111
Η311111111113131311141,3.Η31111311413-111113,17,23,11.36,13
133 42, 2. 1131313113311341, 8 1413111(3.3,13.,)43. 211, 16. 40,13. 18,
1116311113 67, 24 46, 13, 33113111( 3. (,14, 7. 23, 7 21,
1113 13, 6. 31,10. 11333133 15. 31, 13. 23,(1. 33,1391113111(3.3,1,241.
12. 32, 6. 41, 1. 50444, 18 1111133 3133331113 4331133111 10,
10, 21. 24, 11. 11333 3, 1623, 8,37,1.ιι131111333118,141313.
11. 1131132313, 113311,6.13, 3363111313 14. 78, 11. 3333111
6. 18, 10. 13 (1311, hi7, 13 (3131. 13, 8. 20, 5. oodom 6, 5. 20, 3, idem
82, 3. 43, 7. 48, 8. 1133 18, 15. (111.) 15, 6. 33113111131113128,
11333 3, 3. 11313111 23, 1. 43, 30. 18. (333.) 23, 3. iidem (477. 3.) 10,
1113 41, 7. 1103 18,11, 20,1. 30, 1. 12. 12, 10
31,ι2.1133313,3.13.20,1.27,3 ideo 76,1
1113 (adu.) 10, 10. 46, 67 igitur 28, 6. 45, 22
1113111322, 3. 26, 3. hiemi 16,13 ignauiam.) 31, 7. 11133333 12, 41
1131343, 1114413433 , 1111311113111111141131111,
1111131633( 33131 13, 14 · 2. igue 45, 27
1131313 12 ignominiosum (3.3) 31,8. igno·
11 311333, 12 1313133313. 13,,16 26
homicidium 71,8 ignorantia 13, 3 ) 43, 13
homino 86,5. 11311ιί113313, 6.homi· iguomut 18, 4. ignorantur 14, 16.
num 4, 3, 40, 3, *44, 14. 1313 1311
1131111333 46, 21 ignoium (3.3) 17, 3. 26, 1 ignoti
honestum (3, 3127, 7 (1, 312 6. 1113361311333. 13121 11
11311313, 6 6,21,23,13.11311313111 1113]11111013.3,)111, 13. 11, 3. 43,
27,3.1131131313,3 13, 111133131321, 1113111133,
honoratissimum (3. 31 11, 17 13. 1113111 14, 13. 1113113, 11, 1113
1131133 13, 6. 23, 3. 44, 7 (13.13, 13. 17. 11133 8, 6, 7, 14.
hordeo (3111.) 23, 1 11113111. 13.) 3, 3. 48, 22. 11133 2,
11311311133138,8,113113111131333,133,3 3, 3, 12, 10, 17, 13, 3. 16, 8. 44,
1131111131( 3, 2. 1131114111. 3.) 7,6 7. 77147484.) 34,7
hortamina 133317, 13 1113333131331113,2
1131633 26, 7 11113131. 10,13
1133113321, 2,113311161321,11.1133111·1111113436
6331333121, 16 11133 12, 3, 43, 3
hospitii 71, 3 3331111131331143,11111111311146,17
13.11331)111131ι121,6.133112,2 imitatione 86, 6
1131113] 33333133112 2 1131313113,11.11111131113132, 3
1133631613111313,1133131314,1111131111333338,2
17. 113113 31, 4. 1133113111 86, 13, immo 14, 13
38, 16. 43, 23, 44, 13. 1133111131 1111113133 23, 12, (333.) 31, 13
31, 11, 1131113 43, 11 13113113331111331111113113111133
11113 46, 18 1131313, 3
1131611313· 43, 3 imperatorii 87, 6
humanitate 71, 10 131131113144, 7
113313333111311131111131311 houm 13133313113113111 23, 4 11. 17. 66,
11131331. 113 7 7. 1111113113 133117, 6
1111111113 46,13.113111331313,1131113 1131313113111313331 113..17,7 111111313-
3, 15. 76, 3 33111, 13, 23, 6. 11313113313111, 6
1311331343 11111313 23 7. 1111113133
18031136 45, 17 (3331114311
iaciunt 74, 8 1311113111 33, 6. 1131113631 11, 3
13313113 0,11 131111334313, 3143, ¹71
13363 (331124, 6 imponunt 46, 6

 

